name,created_at,download_count
openponk-plugins-linux-nightly.zip,2024-10-25T08:24:26Z,5
openponk-plugins-mac-intel-nightly.zip,2024-10-25T08:24:26Z,0
openponk-plugins-mac-m1-nightly.zip,2024-10-25T08:24:26Z,2
openponk-plugins-win-nightly.zip,2024-10-25T08:24:26Z,6
